         1          1          0
         1          1          6
         1          1          7
         1          1          8
         1          1          9
         2          2          4
         2          2          5
         2          2          6
         2          2          8
         3          3          0
         3          3          7
         4          4          4
         4          4          6
         4          4          7
         4          4          8
         5          5          0
         5          5          5
         5          5          7
         5          5          8
         5          5          9
         6          6          0
         6          6          7
         6          6          8
         7          7          0
         7          7          3
         7          7          4
         7          7          5
         7          7          8
         8          8          3
         8          8          4
         8          8          5
         8          8          8
         8          8          9
         9          9          3
         9          9          5
         9          9          8
        10         10          3
        10         10          5
        10         10          6
        10         10          7
        10         10          8
        11         11          0
        11         11          2
        11         11          3
        11         11          5
        11         11          7
        11         11          8
        11         11          9
        12         12          0
        12         12          3
        12         12          4
        12         12          5
        12         12          6
        12         12          8
        13         13          0
        13         13          5
        13         13          6
        13         13          9
        14         14          0
        14         14          7
        14         14          8
        15         15          0
        15         15          3
        15         15          7
        15         15          8
        15         15          9
        16         16          5
        16         16          7
        16         16          8
        16         16          9
        17         17          3
        17         17          6
        17         17          9
        18         18          0
        18         18          3
        18         18          8
        19         19          3
        19         19          4
        20         20          5
        20         20          8
        21         21          3
        21         21          8
        21         21          9
        22         22          3
        22         22          5
        22         22          9
        23         23          3
        23         23          6
        23         23          8
        24         24          0
        24         24          3
        24         24          8
        25         25          3
        25         25          8
        25         25          9
        26         26          3
        27         27          7
        27         27          8
        28         28          0
        28         28          3
        28         28          8
        28         28          9
        29         29          3
        29         29          5
        29         29          7
        29         29          8
        30         30          0
        30         30          3
        30         30          8
        31         31          3
        31         31          7
        31         31          8
        31         31          9
        32         32          5
        32         32          8
        33         33          0
        33         33          5
        33         33          7
        33         33          8
        34         34          0
        34         34          3
        34         34          5
        34         34          6
        34         34          7
        34         34          9
        35         35          4
        35         35          8
        36         36          0
        36         36          1
        36         36          3
        36         36          6
        36         36          8
        36         36          9
        37         37          3
        37         37          5
        37         37          9
        38         38          6
        38         38          8
        38         38          9
        39         39          0
        39         39          3
        39         39          8
        39         39          9
        40         40          8
        41         41          8
        41         41          9
        42         42          3
        42         42          6
        42         42          7
        42         42          9
        43         43          0
        43         43          3
        43         43          5
        44         44          0
        44         44          3
        44         44          6
        45         45          3
        45         45          6
        45         45          8
        45         45          9
        46         46          3
        46         46          5
        46         46          6
        46         46          8
        46         46          9
        47         47          5
        47         47          6
        47         47          8
        47         47          9
        48         48          3
        48         48          4
        48         48          7
        48         48          9
        49         49          0
        49         49          4
        49         49          7
        49         49          8
        49         49          9
        50         50          3
        50         50          5
        50         50          7
        50         50          8
        51         51          0
        51         51          4
        51         51          5
        51         51          7
        51         51          8
        52         52          6
        52         52          8
        52         52          9
        53         53          0
        53         53          7
        53         53          8
        54         54          0
        54         54          3
        54         54          7
        54         54          8
        54         54          9
        55         55          0
        55         55          3
        55         55          4
        55         55          5
        55         55          7
        55         55          8
        55         55          9
        56         56          0
        56         56          3
        56         56          5
        56         56          8
        56         56          9
        57         57          3
        58         58          0
        58         58          4
        59         59          3
        59         59          4
        59         59          9
        60         60          5
        60         60          8
        61         61          0
        61         61          3
        61         61          7
        62         62          3
        62         62          5
        63         63          0
        63         63          3
        63         63          6
        63         63          7
        63         63          8
        64         64          0
        64         64          3
        64         64          5
        64         64          9
        65         65          0
        65         65          4
        66         66          4
        66         66          8
        67         67          0
        67         67          3
        67         67          9
        68         68          3
        68         68          9
        69         69          6
        69         69          8
        69         69          9
        70         70          3
        70         70          7
        71         71          6
        71         71          8
        71         71          9
